500 187.971390
1000 95.372841
1500 64.528030
2000 49.114693
2500 39.875706
3000 33.721882
3500 29.337282
4000 26.055021
4500 23.509254
5000 21.473509
5500 19.812269
6000 18.435663
6500 17.274353
7000 16.282852
7500 15.425907
8000 14.678274
8500 14.022358
9000 13.441046
9500 12.923551
10000 12.462142
10500 12.044392
11000 11.667209
11500 11.324146
12000 11.013373
12500 10.730073
13000 10.470021
13500 10.230029
14000 10.008816
14500 9.804953
15000 9.618156
15500 9.443122
16000 9.280013
16500 9.127881
17000 8.985987
17500 8.854605
18000 8.731170
18500 8.612696
19000 8.502850
19500 8.398999
20000 8.300948
20500 8.211104
21000 8.125076
21500 8.044388
22000 7.967748
22500 7.894926
23000 7.825780
23500 7.760781
24000 7.699266
24500 7.641160
25000 7.585634
25500 7.532358
26000 7.482178
26500 7.434638
27000 7.388385
27500 7.343954
28000 7.303202
28500 7.263824
29000 7.227062
29500 7.190673
30000 7.154590
30500 7.119630
31000 7.088367
31500 7.058897
32000 7.031007
32500 7.003077
33000 6.977302
33500 6.951967
34000 6.926723
34500 6.905268
35000 6.882434
35500 6.859752
36000 6.838962
36500 6.818849
37000 6.799535
37500 6.781248
38000 6.763191
38500 6.746084
39000 6.729626
39500 6.714949
40000 6.699347
40500 6.685162
41000 6.669581
41500 6.657010
42000 6.642775
42500 6.629226
43000 6.617143
43500 6.605506
44000 6.593383
44500 6.580995
45000 6.568765
45500 6.557881
46000 6.547019
46500 6.536125
47000 6.525262
47500 6.514019
48000 6.504392
48500 6.495838
49000 6.486352
49500 6.477679
50000 6.468486
50500 6.460439
51000 6.452740
51500 6.444771
52000 6.437301
52500 6.429784
53000 6.421706
53500 6.414257
54000 6.406712
54500 6.397616
55000 6.389470
55500 6.381678
56000 6.374636
56500 6.367405
57000 6.360905
57500 6.354224
58000 6.346235
58500 6.339537
59000 6.332129
59500 6.325732
60000 6.319650
60500 6.313533
61000 6.307597
61500 6.301794
62000 6.295929
62500 6.289629
63000 6.283226
63500 6.277468
64000 6.271143
64500 6.265383
65000 6.259863
65500 6.253420
66000 6.247785
66500 6.242472
67000 6.237287
67500 6.231298
68000 6.226016
68500 6.220237
69000 6.215356
69500 6.210629
70000 6.205359
70500 6.198928
71000 6.193490
71500 6.188057
72000 6.182408
72500 6.176160
73000 6.170942
73500 6.166400
74000 6.161644
74500 6.156332
75000 6.151481
75500 6.146894
76000 6.141761
76500 6.137147
77000 6.131242
77500 6.126100
78000 6.120186
78500 6.115302
79000 6.109490
79500 6.104771
80000 6.099486
80500 6.094389
81000 6.088665
81500 6.083238
82000 6.078324
82500 6.073107
83000 6.068530
83500 6.063971
84000 6.058678
84500 6.053675
85000 6.048420
85500 6.043458
86000 6.038907
86500 6.034108
87000 6.028931
87500 6.024354
88000 6.018846
88500 6.014731
89000 6.009994
89500 6.004642
90000 5.999893
90500 5.995206
91000 5.990346
91500 5.985961
92000 5.981418
92500 5.975969
93000 5.971521
93500 5.967360
94000 5.962839
94500 5.958826
95000 5.954381
95500 5.949703
96000 5.945206
96500 5.940089
97000 5.936172
97500 5.931267
98000 5.927020
98500 5.922389
99000 5.917906
99500 5.913796
