0 756585.062500 756578.437500 756571.750000 756585.125000
500 756816.687500 756818.875000 756809.937500 756828.625000
1000 757055.562500 757059.437500 757048.625000 757071.312500
1500 757305.812500 757299.812500 757286.937500 757314.125000
2000 757544.750000 757540.875000 757526.062500 757555.812500
2500 757781.312500 757781.562500 757765.437500 757797.687500
3000 758015.375000 758022.375000 758004.375000 758040.125000
3500 758265.687500 758262.812500 758242.937500 758282.812500
4000 758504.687500 758504.000000 758484.250000 758524.562500
4500 758751.625000 758744.812500 758722.625000 758766.312500
5000 758976.125000 758986.000000 758962.062500 759008.750000
5500 759225.687500 759227.250000 759201.562500 759251.000000
6000 759466.937500 759468.250000 759443.125000 759493.937500
6500 759715.875000 759709.125000 759681.937500 759736.750000
7000 759945.625000 759950.625000 759922.687500 759977.187500
7500 760187.625000 760192.125000 760162.687500 760219.125000
8000 760435.187500 760433.187500 760403.625000 760460.750000
8500 760678.187500 760674.875000 760643.687500 760703.000000
9000 760920.312500 760916.187500 760882.750000 760946.312500
9500 761150.625000 761157.375000 761122.562500 761188.125000
10000 761399.937500 761399.500000 761364.687500 761429.687500
10500 761639.125000 761640.625000 761603.375000 761673.687500
11000 761889.812500 761882.062500 761845.312500 761915.375000
11500 762118.875000 762123.250000 762085.687500 762159.500000
12000 762361.937500 762365.812500 762327.750000 762401.750000
12500 762607.375000 762607.312500 762569.062500 762644.375000
13000 762852.125000 762848.562500 762810.000000 762888.437500
13500 763094.500000 763090.187500 763053.187500 763131.062500
14000 763327.875000 763332.750000 763293.312500 763373.062500
14500 763575.750000 763575.625000 763535.562500 763614.625000
15000 763816.312500 763816.937500 763777.000000 763856.125000
15500 764065.437500 764059.500000 764019.937500 764100.437500
16000 764301.062500 764302.125000 764260.000000 764342.812500
16500 764539.625000 764544.312500 764504.187500 764586.875000
17000 764786.000000 764787.000000 764744.687500 764829.500000
17500 765028.687500 765029.500000 764987.562500 765073.500000
18000 765280.187500 765271.500000 765228.875000 765317.687500
18500 765511.062500 765514.187500 765468.250000 765558.062500
19000 765753.625000 765756.500000 765712.187500 765801.875000
19500 765997.312500 765999.437500 765955.750000 766044.750000
20000 766242.437500 766241.937500 766195.937500 766287.125000
20500 766491.375000 766484.250000 766437.500000 766530.375000
21000 766722.562500 766726.937500 766679.437500 766772.375000
21500 766968.687500 766970.062500 766921.187500 767018.562500
22000 767211.312500 767212.562500 767163.250000 767261.125000
22500 767457.375000 767456.125000 767405.125000 767503.562500
23000 767703.812500 767699.250000 767647.437500 767746.625000
23500 767937.750000 767942.062500 767890.187500 767988.625000
24000 768183.437500 768185.187500 768131.750000 768233.437500
24500 768426.187500 768428.125000 768374.437500 768476.000000
25000 768672.750000 768671.125000 768614.312500 768720.812500
25500 768919.312500 768914.625000 768857.875000 768965.000000
26000 769154.750000 769157.687500 769102.250000 769207.562500
26500 769399.562500 769401.187500 769345.187500 769452.937500
27000 769642.062500 769644.375000 769588.187500 769698.750000
27500 769888.687500 769887.812500 769832.375000 769944.437500
28000 770136.625000 770131.500000 770074.375000 770188.062500
28500 770372.750000 770374.812500 770316.750000 770430.625000
29000 770616.250000 770619.125000 770559.875000 770678.437500
29500 770859.562500 770861.562500 770803.375000 770922.062500
30000 771105.187500 771105.875000 771047.562500 771164.437500
30500 771354.562500 771349.687500 771290.000000 771410.312500
31000 771592.750000 771592.937500 771534.125000 771652.437500
31500 771834.187500 771837.812500 771775.250000 771899.250000
32000 772078.312500 772081.187500 772019.625000 772142.750000
32500 772323.812500 772325.687500 772262.500000 772390.375000
33000 772573.250000 772569.187500 772505.937500 772637.875000
33500 772815.562500 772813.875000 772748.437500 772878.375000
34000 773054.625000 773058.750000 772994.125000 773122.375000
34500 773299.750000 773302.750000 773235.187500 773366.187500
35000 773544.875000 773546.437500 773480.125000 773610.937500
35500 773791.562500 773791.125000 773722.875000 773855.187500
36000 774039.812500 774035.937500 773966.625000 774101.750000
36500 774278.812500 774280.937500 774210.312500 774346.437500
37000 774522.000000 774525.312500 774454.625000 774592.750000
37500 774766.187500 774770.312500 774698.312500 774835.937500
38000 775011.687500 775015.000000 774941.875000 775080.812500
38500 775260.562500 775258.812500 775186.375000 775326.687500
39000 775506.062500 775504.187500 775429.125000 775570.812500
39500 775745.875000 775749.062500 775672.625000 775814.937500
40000 775989.687500 775994.000000 775918.250000 776059.687500
40500 776234.500000 776238.375000 776161.062500 776306.562500
41000 776480.875000 776482.937500 776406.437500 776553.687500
41500 776730.000000 776728.625000 776649.875000 776798.187500
42000 776973.500000 776973.312500 776894.125000 777042.375000
42500 777213.937500 777218.000000 777142.500000 777290.812500
43000 777459.750000 777462.812500 777387.875000 777537.187500
43500 777704.687500 777708.187500 777633.437500 777783.437500
44000 777951.187500 777952.750000 777873.500000 778029.500000
44500 778200.875000 778198.500000 778120.187500 778274.375000
45000 778443.937500 778444.062500 778366.937500 778520.437500
45500 778686.125000 778689.125000 778613.375000 778767.500000
46000 778931.750000 778933.750000 778856.437500 779013.125000
46500 779177.062500 779179.500000 779100.062500 779258.937500
47000 779423.875000 779424.875000 779344.875000 779504.125000
47500 779673.000000 779671.812500 779591.375000 779748.875000
48000 779919.062500 779916.812500 779836.437500 779997.562500
48500 780160.937500 780162.750000 780082.062500 780244.250000
49000 780405.750000 780408.312500 780327.375000 780485.625000
49500 780651.812500 780654.375000 780572.437500 780730.375000
50000 780898.375000 780904.312500 780905.750000 780938.875000
50500 781145.000000 781152.875000 781153.062500 781184.312500
51000 781391.062500 781396.187500 781398.187500 781427.250000
51500 781637.500000 781647.625000 781641.562500 781673.000000
52000 781884.562500 781893.937500 781886.562500 781921.812500
52500 782130.937500 782133.687500 782133.062500 782168.750000
53000 782376.000000 782376.125000 782380.375000 782419.937500
53500 782621.812500 782630.812500 782622.875000 782666.687500
54000 782868.875000 782883.187500 782872.937500 782914.812500
54500 783115.750000 783122.750000 783113.250000 783157.750000
55000 783362.812500 783369.687500 783355.312500 783403.125000
55500 783608.937500 783614.562500 783602.125000 783652.500000
56000 783856.125000 783864.937500 783852.187500 783901.937500
56500 784101.562500 784107.062500 784096.187500 784147.312500
57000 784348.187500 784354.250000 784343.312500 784401.125000
57500 784594.812500 784603.187500 784594.812500 784649.437500
58000 784842.000000 784850.312500 784845.187500 784898.187500
58500 785088.187500 785095.875000 785090.812500 785147.062500
59000 785335.312500 785343.187500 785335.187500 785397.000000
59500 785582.500000 785591.000000 785587.875000 785642.812500
60000 785829.000000 785840.687500 785838.937500 785893.687500
60500 786076.125000 786087.062500 786087.250000 786142.500000
61000 786323.687500 786340.875000 786335.937500 786387.000000
61500 786571.125000 786593.375000 786576.687500 786638.187500
62000 786817.875000 786843.000000 786823.187500 786881.625000
62500 787065.062500 787086.125000 787073.625000 787128.125000
63000 787312.500000 787331.687500 787318.500000 787364.250000
63500 787560.125000 787574.125000 787565.187500 787610.000000
64000 787807.375000 787827.625000 787811.562500 787853.625000
64500 788055.437500 788074.625000 788058.875000 788104.937500
65000 788303.437500 788314.125000 788306.750000 788353.437500
65500 788550.437500 788558.750000 788550.750000 788601.687500
66000 788798.250000 788813.500000 788795.375000 788846.437500
66500 789045.937500 789057.250000 789041.375000 789091.062500
67000 789294.500000 789304.625000 789283.625000 789341.000000
67500 789541.812500 789559.750000 789534.937500 789590.062500
68000 789789.875000 789813.687500 789774.187500 789838.812500
68500 790037.062500 790060.625000 790031.062500 790089.000000
69000 790285.437500 790311.250000 790281.812500 790339.375000
69500 790533.125000 790559.562500 790526.750000 790591.875000
70000 790781.437500 790809.312500 790766.312500 790832.062500
70500 791029.687500 791054.875000 791019.312500 791080.875000
71000 791278.750000 791304.812500 791269.312500 791331.312500
71500 791527.187500 791558.562500 791513.625000 791583.000000
72000 791774.812500 791811.562500 791759.687500 791828.437500
72500 792022.750000 792058.625000 792007.000000 792079.000000
73000 792271.062500 792309.437500 792255.875000 792332.375000
73500 792519.750000 792560.312500 792503.062500 792585.125000
74000 792768.312500 792807.375000 792745.562500 792833.937500
74500 793017.375000 793061.625000 792992.312500 793083.687500
75000 793266.812500 793315.625000 793240.812500 793329.312500
75500 793515.187500 793563.500000 793486.375000 793573.500000
76000 793764.500000 793813.500000 793735.062500 793826.062500
76500 794012.875000 794068.375000 793990.625000 794071.875000
77000 794260.812500 794321.562500 794240.187500 794321.375000
77500 794509.875000 794562.375000 794483.187500 794570.562500
78000 794759.187500 794809.187500 794731.187500 794817.187500
78500 795008.937500 795059.750000 794976.625000 795064.625000
79000 795258.187500 795312.812500 795225.875000 795315.375000
79500 795507.000000 795561.250000 795468.437500 795564.250000
80000 795756.250000 795811.250000 795726.562500 795820.750000
80500 796004.937500 796060.250000 795979.187500 796072.375000
81000 796254.125000 796313.125000 796235.437500 796321.687500
81500 796504.062500 796565.812500 796482.437500 796573.062500
82000 796753.000000 796816.312500 796731.937500 796827.875000
82500 797002.625000 797064.000000 796974.750000 797083.812500
83000 797252.375000 797316.562500 797224.250000 797328.125000
83500 797501.937500 797568.312500 797469.562500 797579.625000
84000 797751.625000 797822.125000 797714.375000 797831.437500
84500 798001.625000 798075.125000 797962.562500 798072.187500
85000 798250.875000 798321.562500 798210.125000 798321.500000
85500 798500.250000 798574.562500 798458.062500 798572.312500
86000 798750.437500 798821.187500 798711.000000 798820.312500
86500 799000.375000 799068.187500 798967.437500 799075.500000
87000 799250.562500 799318.062500 799214.375000 799327.687500
87500 799501.125000 799567.000000 799464.187500 799579.187500
88000 799750.937500 799817.562500 799712.937500 799832.812500
88500 800001.687500 800066.500000 799958.062500 800075.375000
89000 800252.375000 800322.812500 800202.312500 800327.062500
89500 800502.125000 800573.250000 800449.187500 800580.125000
90000 800752.062500 800813.750000 800702.375000 800833.125000
90500 801002.062500 801068.125000 800950.750000 801082.750000
91000 801252.187500 801316.875000 801201.687500 801334.125000
91500 801502.875000 801568.000000 801448.062500 801587.562500
92000 801753.250000 801820.812500 801698.250000 801835.687500
92500 802004.500000 802072.687500 801944.250000 802081.437500
93000 802255.437500 802322.125000 802195.125000 802325.500000
93500 802505.812500 802575.500000 802446.562500 802574.937500
94000 802755.812500 802825.625000 802703.750000 802824.000000
94500 803006.437500 803077.687500 802956.937500 803073.750000
95000 803257.687500 803334.375000 803211.875000 803331.625000
95500 803508.250000 803586.000000 803466.750000 803581.437500
96000 803759.500000 803832.250000 803709.250000 803828.125000
96500 804010.500000 804082.625000 803951.750000 804075.250000
97000 804261.312500 804333.937500 804197.500000 804324.750000
97500 804513.062500 804587.250000 804448.375000 804578.562500
98000 804764.500000 804836.562500 804707.937500 804826.625000
98500 805016.187500 805087.812500 804958.937500 805075.687500
99000 805267.437500 805330.687500 805207.750000 805331.500000
99500 805519.062500 805579.437500 805457.937500 805589.187500
