500 2654.245605
1000 1313.609131
1500 871.618591
2000 652.615356
2500 521.300232
3000 433.742737
3500 371.207428
4000 324.318756
4500 287.834106
5000 258.654663
5500 234.774063
6000 214.875000
6500 198.032379
7000 183.591965
7500 171.077377
8000 160.120697
8500 150.447845
9000 141.851562
9500 134.159576
10000 127.236450
10500 120.972015
11000 115.272842
11500 110.068718
12000 105.295868
12500 100.904381
13000 96.846634
13500 93.090836
14000 89.602776
14500 86.352531
15000 83.317894
15500 80.479584
16000 77.815742
16500 75.313576
17000 72.957642
17500 70.735451
18000 68.636406
18500 66.649269
19000 64.766556
19500 62.979832
20000 61.281799
20500 59.665249
21000 58.128113
21500 56.658070
22000 55.255905
22500 53.915195
23000 52.632610
23500 51.405079
24000 50.226994
24500 49.096317
25000 48.011936
25500 46.968136
26000 45.965290
26500 44.997295
27000 44.066353
27500 43.169498
28000 42.305080
28500 41.470173
29000 40.664291
29500 39.883579
30000 39.129036
30500 38.399418
31000 37.693298
31500 37.008930
32000 36.345741
32500 35.702515
33000 35.078968
33500 34.474537
34000 33.887306
34500 33.316521
35000 32.761089
35500 32.221832
36000 31.697142
36500 31.186756
37000 30.690264
37500 30.205744
38000 29.736055
38500 29.277487
39000 28.830660
39500 28.395142
40000 27.969627
40500 27.555525
41000 27.150927
41500 26.756754
42000 26.371729
42500 25.994373
43000 25.625732
43500 25.266224
44000 24.914160
44500 24.570707
45000 24.234407
45500 23.905396
46000 23.583735
46500 23.269415
47000 22.961058
47500 22.659252
48000 22.362888
48500 22.074472
49000 21.790686
49500 21.512745
50000 21.240774
50500 20.973564
51000 20.712091
51500 20.456297
52000 20.204428
52500 19.957745
53000 19.715879
53500 19.479366
54000 nan
54500 nan
55000 nan
55500 nan
56000 nan
56500 nan
57000 nan
57500 nan
58000 nan
58500 nan
59000 nan
59500 nan
60000 nan
60500 nan
61000 nan
61500 nan
62000 nan
62500 nan
63000 nan
63500 nan
64000 nan
64500 nan
65000 nan
65500 nan
66000 nan
66500 nan
67000 nan
67500 nan
68000 nan
68500 nan
69000 nan
69500 nan
70000 nan
70500 nan
71000 nan
71500 nan
72000 nan
72500 nan
73000 nan
73500 nan
74000 nan
74500 nan
75000 nan
75500 nan
76000 nan
76500 nan
77000 nan
77500 nan
78000 nan
78500 nan
79000 nan
79500 nan
80000 nan
80500 nan
81000 nan
81500 nan
82000 nan
82500 nan
83000 nan
83500 nan
84000 nan
84500 nan
85000 nan
85500 nan
86000 nan
86500 nan
87000 nan
87500 nan
88000 nan
88500 nan
89000 nan
89500 nan
90000 nan
90500 nan
91000 nan
91500 nan
92000 nan
92500 nan
93000 nan
93500 nan
94000 nan
94500 nan
95000 nan
95500 nan
96000 nan
96500 nan
97000 nan
97500 nan
98000 nan
98500 nan
99000 nan
99500 nan
