0 499.744934 499.538513 495.415192 503.662872
500 997.987427 998.837219 993.523804 1004.152405
1000 1499.361328 1500.675293 1489.719727 1509.444946
1500 2001.416992 2001.413696 1984.473511 2014.978516
2000 2506.404297 2509.779053 2482.993652 2522.604980
2500 3007.252441 3009.171143 2991.156982 3022.394287
3000 3502.336670 3501.960205 3485.870117 3526.745117
3500 4004.805176 4008.754639 3975.580811 4036.877197
4000 4506.314453 4513.276855 4471.182129 4547.558594
4500 5009.266113 5017.521973 4959.218262 5065.131836
5000 5501.276367 5511.161133 5407.897461 5557.421875
5500 5995.941406 6008.588379 5902.151855 6043.257812
6000 6498.157227 6524.570312 6389.611816 6552.889160
6500 6998.882812 7020.451660 6904.209473 7057.332031
7000 7488.856445 7487.530273 7402.467285 7574.624512
7500 7981.075684 7981.332031 7898.530762 8041.666016
8000 8486.839844 8502.237305 8401.732422 8551.037109
8500 8978.963867 8988.243164 8862.376953 9026.365234
9000 9471.671875 9476.620117 9391.249023 9530.203125
9500 9986.664062 9994.719727 9912.106445 10044.488281
10000 10482.109375 10491.751953 10427.375000 10535.445312
10500 10972.718750 10967.186523 10869.824219 11051.382812
11000 11466.336914 11474.950195 11378.538086 11517.309570
11500 11962.228516 11976.091797 11903.554688 12017.686523
12000 12467.412109 12454.505859 12386.212891 12540.275391
12500 12958.851562 12951.719727 12868.161133 13033.491211
13000 13454.087891 13446.309570 13385.078125 13516.896484
13500 13965.948242 13958.639648 13918.835938 14038.539062
14000 14458.779297 14456.064453 14393.355469 14545.720703
14500 14949.950195 14976.546875 14877.068359 15009.007812
15000 15468.158203 15493.499023 15337.203125 15539.905273
15500 15964.220703 15982.141602 15865.849609 16043.261719
16000 16462.931641 16472.136719 16387.634766 16526.886719
16500 16977.935547 16982.876953 16870.484375 17104.566406
17000 17479.921875 17495.500000 17365.111328 17588.857422
17500 17985.238281 17997.664062 17857.285156 18127.158203
18000 18495.707031 18481.685547 18416.931641 18599.511719
18500 19008.640625 19002.753906 18926.384766 19169.447266
19000 19496.332031 19478.435547 19406.359375 19686.603516
19500 19990.179688 19985.265625 19863.802734 20176.017578
20000 20485.097656 20476.839844 20313.640625 20691.105469
20500 20975.566406 20994.421875 20811.757812 21160.941406
21000 21462.619141 21484.296875 21332.847656 21622.181641
21500 21958.130859 21985.445312 21840.689453 22085.230469
22000 22444.593750 22451.150391 22302.240234 22565.710938
22500 22927.791016 22938.591797 22813.353516 23015.828125
23000 23443.910156 23428.441406 23224.960938 23642.943359
23500 23930.904297 23933.386719 23676.847656 24141.550781
24000 24435.322266 24467.742188 24198.386719 24615.326172
24500 24917.806641 24983.318359 24637.804688 25043.156250
25000 25408.716797 25458.791016 25140.281250 25548.904297
25500 25913.589844 25963.101562 25615.621094 26105.166016
26000 26391.806641 26448.222656 26026.632812 26564.187500
26500 26916.464844 26911.927734 26559.128906 27167.158203
27000 27416.458984 27378.500000 27062.501953 27787.716797
27500 27899.744141 27880.667969 27517.347656 28359.148438
28000 28409.707031 28393.058594 28068.167969 28828.767578
28500 28900.996094 28857.843750 28529.404297 29372.195312
29000 29413.546875 29390.222656 28980.527344 29971.601562
29500 29893.937500 29841.298828 29498.806641 30432.796875
30000 30399.050781 30394.398438 30021.515625 30986.693359
30500 30895.656250 30894.166016 30496.998047 31409.660156
31000 31384.587891 31436.886719 30966.822266 31906.810547
31500 31925.269531 31913.822266 31498.314453 32484.751953
32000 32423.062500 32390.611328 32033.492188 32933.859375
32500 32919.828125 32926.394531 32499.283203 33518.929688
33000 33420.363281 33372.605469 33038.691406 34085.578125
33500 33920.550781 33894.507812 33596.468750 34573.234375
34000 34403.863281 34303.226562 34133.695312 35041.859375
34500 34893.531250 34839.375000 34606.265625 35419.703125
35000 35391.453125 35341.703125 35016.410156 35868.847656
35500 35913.828125 35859.921875 35541.777344 36321.472656
36000 36435.148438 36450.484375 36003.328125 36815.312500
36500 36887.093750 36872.171875 36385.851562 37353.804688
37000 37397.363281 37363.582031 36834.242188 37991.703125
37500 37910.460938 37981.542969 37295.253906 38466.039062
38000 38427.445312 38518.433594 37839.953125 38879.234375
38500 38906.406250 39062.660156 38289.136719 39380.382812
39000 39426.386719 39625.589844 38772.289062 39897.339844
39500 40440.382812 40970.234375 39336.191406 41448.367188
40000 41463.222656 41396.417969 41138.507812 41890.742188
40500 41944.085938 41879.488281 41571.234375 42390.261719
41000 42423.281250 42417.937500 42011.988281 42841.683594
41500 42905.984375 42963.835938 42562.472656 43289.402344
42000 43350.093750 43398.328125 42985.339844 43767.414062
42500 43815.960938 43863.687500 43385.933594 44268.394531
43000 44273.804688 44327.972656 43829.476562 44715.906250
43500 44729.371094 44781.343750 44259.968750 45175.429688
44000 45179.289062 45208.746094 44743.296875 45611.121094
44500 45658.289062 45724.625000 45120.367188 46040.945312
45000 46096.207031 46171.417969 45594.550781 46370.132812
45500 46587.332031 46686.664062 46009.964844 46846.707031
46000 47087.648438 47207.285156 46495.402344 47323.847656
46500 47565.078125 47673.414062 46954.269531 47808.968750
47000 48052.503906 48166.242188 47455.437500 48295.160156
47500 48512.597656 48606.437500 47929.640625 48819.476562
48000 48960.933594 49020.128906 48419.199219 49253.656250
48500 49434.492188 49533.082031 48865.785156 49772.406250
49000 49935.718750 50005.285156 49325.117188 50318.324219
49500 50425.421875 50519.625000 49753.285156 50812.144531
50000 50911.687500 50970.480469 50278.828125 51343.761719
50500 51389.261719 51455.242188 50731.468750 51861.601562
51000 51863.281250 51954.890625 51225.230469 52220.757812
51500 52349.394531 52397.554688 51698.250000 52734.023438
52000 52846.199219 52918.375000 52176.683594 53171.746094
52500 53346.523438 53447.976562 52708.242188 53621.937500
53000 53830.281250 53887.796875 53226.476562 54163.347656
53500 54320.300781 54376.355469 53689.371094 54701.187500
54000 54823.710938 54864.476562 54163.273438 55288.886719
54500 55310.773438 55316.714844 54674.550781 55715.703125
55000 55805.511719 55869.511719 55163.398438 56273.949219
55500 56310.117188 56378.359375 55636.453125 56812.113281
56000 56777.335938 56873.617188 56154.292969 57264.484375
56500 57270.851562 57346.937500 56629.152344 57757.578125
57000 57767.792969 57768.066406 57084.367188 58258.898438
57500 58256.574219 58262.597656 57612.972656 58768.156250
58000 58749.476562 58750.527344 58009.535156 59317.296875
58500 59228.914062 59183.253906 58587.703125 59835.777344
59000 59707.789062 59622.207031 59121.085938 60265.425781
59500 60207.945312 60160.226562 59665.289062 60771.296875
60000 60704.050781 60673.468750 60150.109375 61285.484375
60500 61199.855469 61198.011719 60555.339844 61811.535156
61000 61684.968750 61750.640625 61049.347656 62261.937500
61500 62191.492188 62185.863281 61638.886719 62774.894531
62000 62674.335938 62645.281250 62172.605469 63307.136719
62500 63195.312500 63070.492188 62720.804688 63796.726562
63000 63691.742188 63595.003906 63116.519531 64306.105469
63500 64165.593750 63995.140625 63529.972656 64823.089844
64000 64659.054688 64567.921875 64125.289062 65311.183594
64500 65155.648438 65112.539062 64593.609375 65847.750000
65000 65637.843750 65534.582031 65152.601562 66310.171875
65500 66092.148438 66007.195312 65639.320312 66906.015625
66000 66601.890625 66433.476562 66043.242188 67346.945312
66500 67082.414062 67001.281250 66488.687500 67819.343750
67000 67597.312500 67574.320312 67154.703125 68331.250000
67500 68090.187500 68089.382812 67611.835938 68938.859375
68000 68620.851562 68604.500000 68145.859375 69429.164062
68500 69149.406250 69202.031250 68665.070312 69991.757812
69000 69615.859375 69621.281250 69154.195312 70403.429688
69500 70109.664062 70139.726562 69510.585938 70821.234375
70000 70578.421875 70615.148438 69939.640625 71295.984375
70500 71103.585938 71200.992188 70417.796875 71749.140625
71000 71636.546875 71703.054688 71131.406250 72251.515625
71500 72127.921875 72283.257812 71603.015625 72784.960938
72000 72608.851562 72832.468750 72012.257812 73230.406250
72500 73126.000000 73246.484375 72520.132812 73721.335938
73000 73630.523438 73736.265625 73011.875000 74221.406250
73500 74160.554688 74344.414062 73545.898438 74763.578125
74000 74655.515625 74770.046875 74057.515625 75434.453125
74500 75143.820312 75330.609375 74504.507812 76008.898438
75000 75641.859375 75821.726562 74933.750000 76523.109375
75500 76121.906250 76268.320312 75458.007812 76920.937500
76000 76619.039062 76854.601562 75902.437500 77501.843750
76500 77119.765625 77393.015625 76257.078125 77984.210938
77000 77602.523438 77878.890625 76671.000000 78482.812500
77500 78068.843750 78321.585938 77222.906250 78946.062500
78000 78572.734375 78867.609375 77677.414062 79410.328125
78500 79092.976562 79290.718750 78151.507812 80002.632812
79000 79563.265625 79782.460938 78605.289062 80476.250000
79500 80077.914062 80314.562500 79087.835938 80877.187500
80000 80608.625000 80828.578125 79627.976562 81309.929688
80500 81099.460938 81230.234375 80117.609375 81813.156250
81000 81597.281250 81681.609375 80588.687500 82296.046875
81500 82156.890625 82247.687500 81125.148438 83006.132812
82000 82704.523438 82771.031250 81609.195312 83510.195312
82500 83205.390625 83274.960938 82170.031250 84022.343750
83000 83718.625000 83800.789062 82702.218750 84491.507812
83500 84209.898438 84295.601562 83273.226562 85007.875000
84000 84730.367188 84850.304688 83789.414062 85516.570312
84500 85232.421875 85369.132812 84258.765625 85953.578125
85000 85722.265625 85788.140625 84704.515625 86442.796875
85500 86184.351562 86374.148438 85187.093750 86866.289062
86000 86711.640625 86843.007812 85663.617188 87432.867188
86500 87214.742188 87437.257812 86081.992188 87906.421875
87000 87728.718750 87922.164062 86563.125000 88341.796875
87500 88185.648438 88478.765625 87005.054688 88931.382812
88000 88686.078125 89019.320312 87593.773438 89496.429688
88500 89192.843750 89491.507812 88123.367188 90012.765625
89000 89711.125000 90015.968750 88640.093750 90529.226562
89500 90215.671875 90384.945312 89102.664062 90958.703125
90000 90654.195312 90872.414062 89560.210938 91376.140625
90500 91190.226562 91380.710938 90129.289062 91941.742188
91000 91715.085938 91848.132812 90660.218750 92502.804688
91500 92240.562500 92407.718750 91295.546875 93038.796875
92000 92736.851562 92905.875000 91721.929688 93468.367188
92500 93282.929688 93398.085938 92339.328125 94084.695312
93000 93731.296875 93808.093750 92854.109375 94428.367188
93500 94254.000000 94365.078125 93395.500000 95009.375000
94000 94721.007812 94877.921875 93752.593750 95424.945312
94500 95242.171875 95414.593750 94256.343750 95961.929688
95000 95745.515625 95826.406250 94797.296875 96388.984375
95500 96239.648438 96436.382812 95318.398438 96845.718750
96000 96746.867188 96928.000000 95996.070312 97361.328125
96500 97265.671875 97358.437500 96543.601562 97811.406250
97000 97774.742188 97864.859375 97082.203125 98433.312500
97500 98272.226562 98334.546875 97595.679688 98952.078125
98000 98803.226562 98954.375000 98109.039062 99463.468750
98500 99246.734375 99328.890625 98592.093750 99844.539062
99000 99802.890625 99844.343750 99029.812500 100333.734375
99500 100267.882812 100324.453125 99465.812500 100790.523438
