0 0.000000 0.000000 0.000000 0.000000
500 499.822880 512.505493 504.136719 492.542236
1000 999.523080 1013.426025 991.152344 988.052795
1500 1499.817461 1499.219727 1485.503418 1501.881226
2000 1999.817766 1993.854248 1993.166626 2021.574341
2500 2500.159653 2498.308105 2497.525146 2537.246094
3000 3000.387236 3015.857666 3006.095459 3047.562012
3500 3500.302715 3510.619873 3502.616455 3552.777100
4000 4000.313852 4000.886475 4012.573730 4034.517578
4500 4501.219511 4505.310547 4504.310059 4531.455078
5000 5001.307505 5030.002441 5013.378418 5045.051270
5500 5501.605277 5547.988281 5497.229492 5527.827148
6000 6001.796816 6043.145996 6014.542480 6010.062988
6500 6503.297357 6544.190430 6497.083008 6518.121094
7000 7002.954409 7044.600098 7024.315430 7012.301270
7500 7502.977714 7549.076660 7515.206543 7520.746582
8000 8001.588827 8023.477539 8000.790527 8029.120117
8500 8500.806795 8512.354492 8509.315430 8520.661133
9000 9001.582414 8987.230469 9012.477539 9021.041992
9500 9500.574929 9520.775391 9536.878906 9518.850586
10000 10000.692896 10043.102539 10009.813477 10012.418945
10500 10499.377841 10552.656250 10479.401367 10493.399414
11000 11000.181396 11049.806641 11021.893555 11004.650391
11500 11500.709327 11569.198242 11502.250000 11481.562500
12000 11999.449117 12070.147461 12031.321289 11976.500000
12500 12498.558901 12565.981445 12522.348633 12436.118164
13000 12999.376136 13068.588867 13019.958008 12944.187500
13500 13498.156933 13561.635742 13483.573242 13398.572266
14000 13997.301004 14077.523438 13960.713867 13850.821289
14500 14496.097423 14583.889648 14476.337891 14349.733398
15000 14996.349827 15068.378906 15012.375000 14848.286133
15500 15496.076204 15573.520508 15505.112305 15319.022461
16000 15997.275552 16030.973633 15993.653320 15834.818359
16500 16498.027604 16545.945312 16523.384766 16378.011719
17000 16996.427500 17082.207031 17036.683594 16879.302734
17500 17496.890801 17617.494141 17543.140625 17411.603516
18000 17997.784365 18066.757812 18046.703125 17927.253906
18500 18496.033785 18569.535156 18473.896484 18389.527344
19000 18995.504264 19014.150391 18986.898438 18944.039062
19500 19497.587039 19497.226562 19542.771484 19458.033203
20000 19997.624818 19965.664062 20049.316406 19950.441406
20500 20497.194035 20461.759766 20570.691406 20440.441406
21000 20995.792922 20941.689453 21138.927734 20948.626953
21500 21496.303371 21436.195312 21636.439453 21445.183594
22000 21996.107789 21920.376953 22153.769531 21903.710938
22500 22497.301238 22411.701172 22689.849609 22400.435547
23000 22997.088574 22951.281250 23192.162109 22922.332031
23500 23497.553623 23472.533203 23691.421875 23400.314453
24000 23997.644861 23985.076172 24182.035156 23890.828125
24500 24496.208760 24505.173828 24699.050781 24444.082031
25000 24996.874193 24972.214844 25240.068359 24981.070312
25500 25498.783166 25375.785156 25794.083984 25504.398438
26000 25997.157955 25944.775391 26337.187500 25939.667969
26500 26495.914662 26406.443359 26842.294922 26467.675781
27000 26997.300600 26916.619141 27366.000000 26958.751953
27500 27498.265740 27398.123047 27872.714844 27392.701172
28000 27997.809240 27860.703125 28319.382812 27924.548828
28500 28497.546393 28402.908203 28818.769531 28375.458984
29000 28997.483113 28907.882812 29335.843750 28845.558594
29500 29494.091529 29325.117188 29777.195312 29262.937500
30000 29993.341340 29842.744141 30259.251953 29729.455078
30500 30493.083240 30323.933594 30770.230469 30233.773438
31000 30993.091488 30850.669922 31229.761719 30734.949219
31500 31493.771322 31327.730469 31731.396484 31225.550781
32000 31994.262320 31833.146484 32241.707031 31803.507812
32500 32495.970035 32269.771484 32736.769531 32345.085938
33000 32995.172637 32777.273438 33225.449219 32835.300781
33500 33496.509281 33293.226562 33761.335938 33331.324219
34000 33997.252672 33801.367188 34202.398438 33873.578125
34500 34497.584078 34268.464844 34692.136719 34409.339844
35000 34996.157102 34819.640625 35197.140625 34899.906250
35500 35495.888293 35242.093750 35771.871094 35396.789062
36000 35996.044734 35847.750000 36239.886719 35865.191406
36500 36495.612961 36323.242188 36685.273438 36379.257812
37000 36997.360273 36866.628906 37234.562500 36827.593750
37500 37497.262516 37325.570312 37701.695312 37305.820312
38000 37999.092062 37811.683594 38259.257812 37763.160156
38500 38498.628461 38386.023438 38804.984375 38242.687500
39000 38999.097984 38909.089844 39253.558594 38650.734375
39500 39501.473137 39459.070312 39762.105469 39190.191406
40000 40000.660211 39979.566406 40344.996094 39716.339844
40500 40498.839094 40416.109375 40846.277344 40282.695312
41000 40997.062301 40910.601562 41314.710938 40725.281250
41500 41495.423363 41492.328125 41851.390625 41195.996094
42000 41998.131973 41904.898438 42368.191406 41690.070312
42500 42496.060215 42400.562500 42851.867188 42203.046875
43000 42992.663285 42884.652344 43384.347656 42652.332031
43500 43492.698160 43379.691406 43929.140625 43189.968750
44000 43994.092957 43902.421875 44396.113281 43662.179688
44500 44494.780855 44352.785156 44845.777344 44199.175781
45000 44995.552129 44947.957031 45311.457031 44618.613281
45500 45496.402164 45566.738281 45789.015625 45094.281250
46000 45997.230059 46093.828125 46157.164062 45607.464844
46500 46497.060730 46578.738281 46628.968750 46037.417969
47000 46992.104652 47074.671875 47109.828125 46554.355469
47500 47493.941437 47553.683594 47636.699219 47030.925781
48000 47991.227102 48025.906250 48120.761719 47542.023438
48500 48490.460961 48565.488281 48608.757812 48015.445312
49000 48987.989148 49085.304688 49003.191406 48458.097656
49500 49488.228352 49588.492188 49680.179688 48963.757812
50000 49989.960496 50104.835938 50238.105469 49420.640625
50500 50488.850660 50577.644531 50738.839844 49954.660156
51000 50989.273555 51143.828125 51213.617188 50441.179688
51500 51487.157664 51681.410156 51707.726562 50869.074219
52000 51987.569723 52203.988281 52282.140625 51411.359375
52500 52487.758785 52785.238281 52701.042969 51930.132812
53000 52988.339602 53304.683594 53248.566406 52472.433594
53500 53490.063363 53829.710938 53744.218750 52975.742188
54000 53990.290336 54268.820312 54360.382812 53565.140625
54500 54490.795187 54685.644531 54791.281250 54031.667969
55000 54991.215738 55145.414062 55279.554688 54581.132812
55500 55493.664289 55644.726562 55662.093750 55064.882812
56000 55991.656938 56100.734375 56226.953125 55550.523438
56500 56493.000121 56545.773438 56805.535156 55968.054688
57000 56992.728293 57065.835938 57324.652344 56519.062500
57500 57494.869805 57671.148438 57757.445312 56984.226562
58000 57994.878203 58179.273438 58271.117188 57490.449219
58500 58495.392723 58645.636719 58716.816406 58009.578125
59000 58996.818715 59105.785156 59292.097656 58531.640625
59500 59496.464180 59529.886719 59812.996094 59025.953125
60000 59997.334621 60079.144531 60298.890625 59448.480469
60500 60495.742758 60639.910156 60756.886719 59940.046875
61000 60994.156441 61175.453125 61261.464844 60473.351562
61500 61492.010547 61720.234375 61876.144531 60938.058594
62000 61991.771105 62152.406250 62336.792969 61446.109375
62500 62493.021586 62649.644531 62956.085938 62005.332031
63000 62995.622879 63021.039062 63429.566406 62578.000000
63500 63495.798906 63654.039062 63875.968750 63131.726562
64000 63997.387574 64264.292969 64273.605469 63718.214844
64500 64497.590363 64938.761719 64780.027344 64113.539062
65000 64999.017648 65460.097656 65274.078125 64588.160156
65500 65495.937703 65919.476562 65705.539062 65108.328125
66000 65996.587266 66525.671875 66230.421875 65537.789062
66500 66492.715488 66992.601562 66733.156250 66036.429688
67000 66993.157344 67467.546875 67274.960938 66491.843750
67500 67496.000164 67897.414062 67729.640625 67049.148438
68000 67991.903367 68392.898438 68260.757812 67487.046875
68500 68492.092859 68865.171875 68861.843750 67972.109375
69000 68991.552094 69335.695312 69448.117188 68526.273438
69500 69496.048359 69729.046875 69885.351562 68978.953125
70000 69999.362438 70273.421875 70475.070312 69488.937500
70500 70496.459906 70675.539062 71022.890625 70027.390625
71000 70999.096086 71300.203125 71421.820312 70515.117188
71500 71499.506453 71885.085938 71895.546875 70982.375000
72000 71999.456688 72397.562500 72472.828125 71422.281250
72500 72497.353602 72882.648438 72924.312500 71950.375000
73000 72995.440141 73332.609375 73331.335938 72388.492188
73500 73495.104180 73731.929688 73785.460938 72836.382812
74000 73993.001891 74133.312500 74257.054688 73274.156250
74500 74487.927125 74550.304688 74803.406250 73795.476562
75000 74990.128578 75019.179688 75323.664062 74303.640625
75500 75488.988391 75510.078125 75821.367188 74786.476562
76000 75987.896125 76007.632812 76375.835938 75302.187500
76500 76488.003594 76411.632812 76786.914062 75777.437500
77000 76985.657055 76943.109375 77270.359375 76416.085938
77500 77483.133789 77527.617188 77685.632812 76890.921875
78000 77976.419469 77965.898438 78298.523438 77323.156250
78500 78478.045234 78418.218750 78895.359375 77863.132812
79000 78981.833766 78902.859375 79371.992188 78273.398438
79500 79490.386633 79439.171875 79851.046875 78722.625000
80000 79992.278562 79809.429688 80404.875000 79111.625000
80500 80491.170258 80183.953125 80931.882812 79552.937500
81000 80987.220789 80714.718750 81337.625000 80037.562500
81500 81487.329930 81298.390625 81678.914062 80652.421875
82000 81991.048797 81757.015625 82246.476562 81073.398438
82500 82488.993242 82223.640625 82659.179688 81491.835938
83000 82990.824766 82737.406250 83143.515625 82098.914062
83500 83493.833664 83250.648438 83649.078125 82589.570312
84000 83990.981359 83641.390625 84103.882812 82959.281250
84500 84491.319414 84066.921875 84777.507812 83524.609375
85000 84990.162086 84546.554688 85247.460938 84021.671875
85500 85484.755914 84969.132812 85781.648438 84466.750000
86000 85983.850797 85409.828125 86241.750000 84902.328125
86500 86479.827602 85912.101562 86779.687500 85356.140625
87000 86981.202234 86462.117188 87208.242188 85743.789062
87500 87478.160477 86908.101562 87653.687500 86211.226562
88000 87981.105187 87332.085938 88046.140625 86687.531250
88500 88481.321641 87853.304688 88591.320312 87094.328125
89000 88976.146203 88468.421875 89168.382812 87623.281250
89500 89472.790758 88993.515625 89662.265625 88149.132812
90000 89969.937516 89483.734375 90191.625000 88656.429688
90500 90464.513516 89995.593750 90769.437500 89080.492188
91000 90960.545758 90576.171875 91287.437500 89536.867188
91500 91459.052547 91007.523438 91784.953125 90023.539062
92000 91957.464914 91648.601562 92277.539062 90465.632812
92500 92457.941438 92215.898438 92801.484375 90931.617188
93000 92959.759891 92594.406250 93239.437500 91471.531250
93500 93457.503492 93153.992188 93652.796875 91988.515625
94000 93957.842578 93510.492188 94224.039062 92552.375000
94500 94457.920164 94035.796875 94768.609375 92994.531250
95000 94958.062937 94484.281250 95312.195312 93506.359375
95500 95456.043633 94987.031250 95815.453125 94023.054688
96000 95954.104117 95471.460938 96355.578125 94524.406250
96500 96447.985867 95946.757812 96838.617188 94941.125000
97000 96946.434641 96490.265625 97341.921875 95500.195312
97500 97447.314500 97028.640625 97836.523438 95997.859375
98000 97946.574164 97338.140625 98408.750000 96501.023438
98500 98442.593359 97874.500000 98782.804688 96915.085938
99000 98937.686203 98316.375000 99368.531250 97284.343750
99500 99435.906336 98789.859375 99977.312500 97790.531250
