500 187.868896
1000 95.324928
1500 64.477753
2000 49.071236
2500 39.839870
3000 33.693104
3500 29.311893
4000 26.033539
4500 23.490654
5000 21.458382
5500 19.802786
6000 18.426788
6500 17.264544
7000 16.272705
7500 15.413813
8000 14.665378
8500 14.008419
9000 13.427364
9500 12.910748
10000 12.447741
10500 12.033298
11000 11.657384
11500 11.315647
12000 11.003544
12500 10.718483
13000 10.458187
13500 10.219026
14000 9.996861
14500 9.792272
15000 9.601764
15500 9.426039
16000 9.261042
16500 9.107985
17000 8.966918
17500 8.834741
18000 8.711127
18500 8.595071
19000 8.485782
19500 8.382800
20000 8.286386
20500 8.194297
21000 8.108109
21500 8.026771
22000 7.951170
22500 7.877851
23000 7.809496
23500 7.743716
24000 7.681168
24500 7.623311
25000 7.566941
25500 7.515075
26000 7.464725
26500 7.418016
27000 7.372338
27500 7.329205
28000 7.288101
28500 7.248308
29000 7.210907
29500 7.175545
30000 7.142751
30500 7.111214
31000 7.078993
31500 7.049363
32000 7.021378
32500 6.993678
33000 6.967019
33500 6.940560
34000 6.915809
34500 6.894308
35000 6.871684
35500 6.850238
36000 6.828780
36500 6.808477
37000 6.789700
37500 6.772014
38000 6.752901
38500 6.736802
39000 6.718972
39500 6.702677
40000 6.686460
40500 6.671078
41000 6.656172
41500 6.641778
42000 6.627690
42500 6.614709
43000 6.601288
43500 6.587842
44000 6.576023
44500 6.564431
45000 6.553583
45500 6.543439
46000 6.532248
46500 6.522579
47000 6.512627
47500 6.503624
48000 6.493727
48500 6.484936
49000 6.476457
49500 6.466494
50000 6.457802
50500 6.450049
51000 6.441622
51500 6.434382
52000 6.426040
52500 6.418765
53000 6.411435
53500 6.403934
54000 6.396551
54500 6.389568
55000 6.381210
55500 6.373586
56000 6.366906
56500 6.359547
57000 6.353156
57500 6.346702
58000 6.339642
58500 6.332845
59000 6.325893
59500 6.320146
60000 6.313890
60500 6.307482
61000 6.300117
61500 6.292912
62000 6.287183
62500 6.281534
63000 6.275790
63500 6.270001
64000 6.263795
64500 6.257879
65000 6.253317
65500 6.248121
66000 6.241928
66500 6.235410
67000 6.229412
67500 6.223413
68000 6.217524
68500 6.212617
69000 6.206852
69500 6.201469
70000 6.195617
70500 6.190266
71000 6.183778
71500 6.178929
72000 6.173975
72500 6.168637
73000 6.163476
73500 6.158936
74000 6.153475
74500 6.148910
75000 6.144398
75500 6.139397
76000 6.133767
76500 6.129320
77000 6.124974
77500 6.119945
78000 6.114350
78500 6.109292
79000 6.104876
79500 6.099307
80000 6.094059
80500 6.088967
81000 6.084522
81500 6.078418
82000 6.073124
82500 6.067546
83000 6.062379
83500 6.058013
84000 6.053507
84500 6.048796
85000 6.043621
85500 6.039403
86000 6.034818
86500 6.029426
87000 6.024853
87500 6.020152
88000 6.015092
88500 6.010547
89000 6.005932
89500 6.001040
90000 5.996406
90500 5.990141
91000 5.984908
91500 5.979609
92000 5.975053
92500 5.971574
93000 5.966641
93500 5.961507
94000 5.957097
94500 5.952120
95000 5.947433
95500 5.942651
96000 5.937569
96500 5.932884
97000 5.928734
97500 5.923529
98000 5.918996
98500 5.914521
99000 5.910430
99500 5.905122
