0 11817.732422 11817.722656 11817.722656 11817.722656
500 12059.916992 12059.901367 12052.065430 12067.484375
1000 12305.667969 12305.784180 12294.101562 12316.294922
1500 12554.717773 12554.802734 12541.125977 12570.291016
2000 12807.526367 12807.563477 12789.067383 12827.971680
2500 13063.816406 13063.905273 13041.046875 13086.446289
3000 13323.255859 13323.341797 13297.425781 13349.285156
3500 13586.245117 13586.648438 13556.505859 13616.224609
4000 13853.288086 13854.309570 13818.851562 13887.436523
4500 14123.219727 14123.588867 14083.394531 14162.645508
5000 14397.497070 14397.748047 14354.568359 14439.897461
5500 14675.240234 14675.867188 14626.815430 14722.773438
6000 14956.130859 14956.466797 14904.483398 15007.617188
6500 15240.185547 15240.701172 15184.725586 15292.716797
7000 15528.101562 15529.197266 15466.723633 15586.932617
7500 15819.537109 15819.496094 15754.865234 15883.265625
8000 16114.695312 16115.434570 16044.618164 16179.958984
8500 16412.978516 16413.816406 16338.180664 16483.742188
9000 16714.058594 16715.279297 16640.912109 16785.935547
9500 17019.988281 17020.953125 16937.578125 17101.615234
10000 17328.585938 17329.933594 17241.742188 17411.783203
10500 17640.771484 17641.183594 17549.880859 17733.779297
11000 17956.421875 17956.697266 17863.689453 18055.136719
11500 18275.431641 18275.505859 18173.539062 18373.554688
12000 18598.283203 18599.263672 18491.230469 18705.599609
12500 18924.630859 18925.410156 18810.183594 19040.314453
13000 19254.017578 19256.542969 19136.945312 19383.785156
13500 19586.642578 19587.949219 19464.710938 19715.148438
14000 19923.140625 19922.939453 19789.355469 20048.408203
14500 20262.263672 20261.501953 20129.015625 20405.767578
15000 20604.371094 20604.544922 20457.714844 20745.794922
15500 20949.712891 20946.296875 20806.708984 21108.335938
16000 21297.750000 21295.132812 21148.261719 21456.212891
16500 21649.675781 21645.763672 21491.574219 21821.437500
17000 22005.394531 22004.355469 21847.289062 22182.390625
17500 22363.160156 22362.759766 22201.947266 22544.224609
18000 22723.667969 22721.134766 22539.210938 22913.621094
18500 23087.902344 23085.470703 22904.503906 23287.607422
19000 23454.753906 23453.378906 23254.382812 23662.447266
19500 23823.367188 23821.673828 23623.939453 24039.005859
20000 24196.097656 24192.582031 23984.470703 24427.691406
20500 24571.925781 24571.820312 24347.302734 24801.455078
21000 24950.451172 24951.837891 24727.781250 25192.611328
21500 25331.531250 25330.003906 25095.996094 25569.363281
22000 25714.621094 25714.289062 25469.107422 25962.125000
22500 26101.714844 26101.546875 25837.863281 26358.357422
23000 26491.724609 26491.916016 26231.228516 26761.005859
23500 26884.941406 26885.644531 26623.605469 27170.337891
24000 27279.435547 27278.453125 27015.966797 27580.060547
24500 27677.507812 27677.992188 27400.400391 27979.365234
25000 28077.787109 28077.076172 27801.158203 28390.482422
25500 28479.888672 28480.556641 28195.226562 28790.589844
26000 28885.912109 28889.511719 28588.085938 29208.546875
26500 29293.703125 29293.816406 28991.958984 29610.466797
27000 29701.587891 29702.455078 29394.439453 30032.865234
27500 30112.798828 30113.515625 29796.316406 30458.808594
28000 30527.642578 30524.980469 30200.861328 30872.515625
28500 30945.857422 30940.693359 30614.863281 31297.906250
29000 31365.029297 31363.912109 31034.802734 31727.441406
29500 31788.773438 31787.910156 31439.513672 32147.535156
30000 32211.992188 32212.521484 31845.332031 32582.451172
30500 32637.857422 32636.695312 32254.001953 33009.078125
31000 33064.609375 33065.054688 32683.119141 33433.886719
31500 33492.761719 33493.992188 33106.828125 33894.683594
32000 33923.222656 33919.593750 33517.667969 34354.101562
32500 34356.726562 34357.117188 33944.933594 34795.792969
33000 34792.390625 34786.527344 34396.265625 35244.789062
33500 35231.386719 35225.109375 34808.894531 35689.710938
34000 35669.675781 35666.335938 35231.796875 36126.308594
34500 36110.781250 36107.597656 35654.824219 36574.367188
35000 36555.128906 36552.214844 36088.050781 37033.542969
35500 37000.453125 36998.812500 36509.355469 37481.753906
36000 37447.785156 37446.613281 36964.464844 37948.785156
36500 37894.468750 37889.312500 37406.445312 38424.265625
37000 38344.226562 38336.515625 37849.746094 38890.722656
37500 38795.171875 38790.593750 38290.457031 39337.234375
38000 39246.425781 39245.746094 38749.871094 39800.382812
38500 39702.292969 39706.882812 39164.113281 40247.609375
39000 40157.871094 40158.500000 39620.832031 40694.261719
39500 40615.335938 40621.109375 40080.265625 41203.425781
40000 41073.593750 41075.128906 40538.406250 41646.371094
40500 41533.078125 41532.363281 40982.917969 42129.878906
41000 41995.468750 41989.609375 41440.511719 42559.531250
41500 42458.058594 42460.332031 41893.847656 43077.804688
42000 42920.207031 42916.089844 42342.714844 43529.863281
42500 43385.699219 43390.300781 42808.343750 43986.472656
43000 43854.843750 43853.925781 43277.648438 44487.023438
43500 44321.855469 44318.742188 43730.722656 44926.445312
44000 44789.906250 44782.390625 44195.710938 45431.984375
44500 45258.867188 45252.695312 44641.886719 45926.886719
45000 45728.894531 45724.148438 45135.839844 46407.562500
45500 46200.613281 46196.566406 45581.992188 46869.527344
46000 46674.175781 46658.277344 46066.343750 47339.730469
46500 47145.925781 47134.667969 46495.429688 47842.226562
47000 47624.042969 47613.753906 46971.226562 48336.765625
47500 48099.929688 48097.234375 47433.882812 48807.707031
48000 48577.121094 48572.910156 47906.765625 49317.382812
48500 49055.035156 49052.660156 48413.253906 49816.906250
49000 49534.335938 49529.656250 48849.921875 50284.039062
49500 50012.484375 50008.539062 49342.738281 50747.621094
50000 50491.281250 49781.738281 50443.250000 50580.496094
50500 50971.121094 50256.957031 50910.699219 51067.945312
51000 51452.777344 50715.960938 51392.343750 51545.746094
51500 51933.832031 51225.503906 51936.871094 52045.406250
52000 52417.644531 51743.777344 52455.164062 52543.863281
52500 52898.339844 52165.160156 52865.003906 53035.851562
53000 53381.343750 52612.953125 53338.847656 53470.261719
53500 53865.406250 52996.515625 53795.535156 54004.621094
54000 54349.871094 53409.812500 54270.269531 54528.679688
54500 54833.722656 53969.804688 54699.648438 54974.335938
55000 55321.070312 54454.980469 55250.832031 55510.484375
55500 55808.574219 54992.296875 55734.007812 56068.222656
56000 56296.683594 55387.347656 56184.382812 56525.613281
56500 56783.652344 55876.804688 56655.066406 57068.929688
57000 57268.332031 56344.289062 57126.226562 57569.726562
57500 57758.113281 56811.195312 57626.191406 58137.703125
58000 58248.027344 57376.351562 58156.781250 58583.269531
58500 58737.007812 57788.773438 58525.941406 59030.562500
59000 59229.523438 58308.574219 59122.082031 59410.062500
59500 59717.738281 58807.335938 59611.820312 59982.292969
60000 60208.042969 59319.687500 60202.453125 60378.492188
60500 60701.390625 60017.296875 60619.101562 60948.617188
61000 61193.527344 60552.003906 61095.730469 61355.335938
61500 61688.207031 61053.488281 61595.003906 61775.445312
62000 62183.832031 61540.472656 62068.792969 62379.101562
62500 62677.765625 62083.105469 62530.320312 62932.250000
63000 63171.925781 62571.871094 63058.320312 63386.246094
63500 63662.765625 63089.542969 63570.253906 64029.964844
64000 64154.117188 63499.843750 64181.660156 64424.480469
64500 64647.562500 63920.644531 64656.097656 64938.550781
65000 65142.742188 64403.140625 65081.050781 65462.046875
65500 65636.031250 64851.074219 65517.058594 65898.242188
66000 66130.468750 65292.750000 66013.953125 66375.515625
66500 66622.703125 65767.843750 66610.359375 66864.523438
67000 67117.914062 66208.867188 67308.398438 67283.671875
67500 67615.984375 66719.617188 67683.421875 67788.296875
68000 68114.125000 67249.734375 68163.539062 68281.156250
68500 68612.343750 67674.914062 68668.648438 68828.210938
69000 69107.023438 68133.226562 69063.492188 69251.414062
69500 69601.093750 68758.718750 69562.781250 69747.031250
70000 70093.515625 69169.000000 70161.500000 70256.359375
70500 70593.554688 69655.101562 70670.132812 70766.304688
71000 71089.335938 70126.453125 71071.960938 71153.648438
71500 71589.093750 70644.382812 71563.882812 71695.039062
72000 72090.859375 71139.046875 72014.921875 72103.367188
72500 72586.843750 71637.664062 72540.187500 72484.773438
73000 73085.859375 72220.835938 73124.625000 73052.296875
73500 73582.179688 72661.078125 73602.328125 73568.187500
74000 74083.914062 73096.335938 74163.906250 74129.304688
74500 74587.648438 73519.945312 74504.914062 74596.945312
75000 75081.484375 73973.968750 75070.460938 75119.796875
75500 75579.375000 74448.593750 75568.375000 75520.414062
76000 76078.640625 74961.179688 75900.359375 76003.757812
76500 76575.757812 75511.703125 76429.765625 76558.421875
77000 77079.093750 75938.101562 76987.554688 77032.242188
77500 77580.367188 76323.023438 77375.429688 77517.554688
78000 78079.406250 76725.023438 77862.140625 77997.882812
78500 78576.750000 77234.773438 78518.742188 78476.375000
79000 79071.312500 77693.835938 78927.335938 79013.968750
79500 79568.203125 78105.726562 79307.890625 79551.718750
80000 80065.476562 78573.039062 79819.203125 80121.593750
80500 80563.781250 79109.281250 80260.476562 80638.921875
81000 81060.492188 79578.539062 80820.593750 81099.179688
81500 81559.804688 80008.851562 81298.625000 81518.210938
82000 82056.046875 80480.976562 81901.984375 81892.421875
82500 82557.140625 80898.773438 82236.867188 82396.171875
83000 83054.140625 81344.046875 82790.937500 82797.382812
83500 83555.703125 81690.664062 83235.375000 83468.726562
84000 84053.906250 82204.570312 83678.000000 84023.226562
84500 84555.226562 82739.585938 84128.851562 84481.062500
85000 85054.789062 83234.835938 84677.328125 84954.382812
85500 85556.367188 83678.867188 85141.164062 85577.156250
86000 86058.343750 84165.187500 85641.976562 85949.695312
86500 86556.593750 84740.679688 86149.406250 86460.968750
87000 87057.117188 85177.210938 86658.484375 86934.468750
87500 87555.023438 85693.960938 87157.250000 87307.257812
88000 88054.585938 86042.601562 87793.039062 87923.789062
88500 88555.468750 86575.773438 88319.976562 88376.046875
89000 89058.992188 87113.187500 88839.468750 88801.992188
89500 89559.226562 87553.960938 89334.039062 89305.398438
90000 90059.007812 88006.265625 89895.671875 89899.671875
90500 90561.351562 88469.164062 90229.296875 90344.382812
91000 91062.812500 88837.859375 90645.234375 90802.664062
91500 91566.125000 89288.015625 91133.710938 91336.828125
92000 92062.656250 89824.406250 91700.289062 91826.257812
92500 92562.789062 90356.070312 92301.093750 92284.960938
93000 93063.742188 90787.843750 92978.046875 92700.515625
93500 93565.718750 91237.601562 93418.718750 93152.953125
94000 94065.593750 91684.890625 93864.695312 93717.335938
94500 94569.312500 92226.593750 94421.437500 94169.304688
95000 95067.578125 92669.023438 94925.312500 94671.820312
95500 95564.101562 93081.546875 95419.632812 95155.578125
96000 96064.335938 93505.687500 95936.148438 95610.039062
96500 96564.218750 93963.359375 96404.523438 96180.703125
97000 97062.578125 94499.515625 96985.265625 96625.140625
97500 97559.109375 94862.757812 97517.804688 97228.554688
98000 98059.179688 95324.492188 97938.023438 97519.757812
98500 98559.484375 95928.531250 98545.132812 97990.164062
99000 99060.093750 96515.140625 98961.304688 98482.265625
99500 99556.625000 97039.476562 99551.882812 98934.125000
